0 -> 0,1,107,1514
1 -> 1753,3,7
10 -> 10,12,33,332
100 -> 99
1000 -> 1001
1001 -> 603
1002 -> 1000
1003 -> 1005
1004 -> 73
1005 -> 1004
1006 -> 49
1007 -> 1007,1008,1160
1008 -> 1006
1009 -> 1010
101 -> 101,102,128
1010 -> 1010,1011,1500
1011 -> 334
1012 -> 1283,195
1013 -> 1014
1014 -> 1012
1015 -> 1017
1016 -> 331
1017 -> 1016
1018 -> 887
1019 -> 1020
102 -> 100,102,272
1020 -> 1018
1021 -> 1021,1022,1732
1022 -> 282
1023 -> 1021
1024 -> 1024,1026,1243
1025 -> 1024
1026 -> 314
1027 -> 87
1028 -> 1027
1029 -> 1028
103 -> 103,105,201,241,667
1030 -> 1669,1674,172
1031 -> 1032
1032 -> 1030
1033 -> 1034
1034 -> 419
1035 -> 1033
1036 -> 1036,1038,1135
1037 -> 203
1038 -> 1037
1039 -> 347
104 -> 75
1040 -> 1041
1041 -> 1039
1042 -> 1044
1043 -> 1042
1044 -> 403
1045 -> 1046
1046 -> 1047
1047 -> 428
1048 -> 1050
1049 -> 854
105 -> 104,105,1785
1050 -> 1049
1051 -> 152
1052 -> 1051
1053 -> 1052
1054 -> 1055
1055 -> 1056
1056 -> 837
1057 -> 1058
1058 -> 1059
1059 -> 674
106 -> 106,108,951
1060 -> 1061
1061 -> 1061,1062,1085,1323
1062 -> 617
1063 -> 1064
1064 -> 222
1065 -> 1063
1066 -> 1067
1067 -> 1068
1068 -> 1425,366
1069 -> 1070
107 -> 106
1070 -> 1071
1071 -> 1568,553
1072 -> 1074
1073 -> 900
1074 -> 1073
1075 -> 938
1076 -> 1075
1077 -> 1076
1078 -> 601
1079 -> 1078
108 -> 0
1080 -> 1079
1081 -> 928
1082 -> 1083
1083 -> 1081
1084 -> 1084,1086,1742
1085 -> 1084
1086 -> 1061
1087 -> 1088
1088 -> 1089
1089 -> 1588,36
109 -> 109,111,1622
1090 -> 1092
1091 -> 249
1092 -> 1091
1093 -> 1095
1094 -> 1093,1094,1222
1095 -> 352
1096 -> 1097
1097 -> 1098
1098 -> 278
1099 -> 793
11 -> 10,11,27,307
110 -> 5
1100 -> 1101
1101 -> 1099
1102 -> 1103
1103 -> 1103,1104,1442
1104 -> 316
1105 -> 1107
1106 -> 1105
1107 -> 144
1108 -> 1110
1109 -> 895
111 -> 110,111,122,231
1110 -> 1109,1110,1524
1111 -> 445
1112 -> 1111
1113 -> 1112
1114 -> 1115
1115 -> 536
1116 -> 1114
1117 -> 1118
1118 -> 1119
1119 -> 320
112 -> 113
1120 -> 68
1121 -> 1122
1122 -> 1120
1123 -> 448
1124 -> 1125
1125 -> 1123
1126 -> 1128
1127 -> 1126
1128 -> 420
1129 -> 1130
113 -> 502,53
1130 -> 1131
1131 -> 538
1132 -> 1149,238
1133 -> 1134
1134 -> 1132
1135 -> 1137
1136 -> 1036
1137 -> 1136
1138 -> 1680,908
1139 -> 1138
114 -> 112,114,215,218,646
1140 -> 1139
1141 -> 1143
1142 -> 1449,647
1143 -> 1142
1144 -> 1146
1145 -> 645
1146 -> 1145
1147 -> 1148
1148 -> 1132
1149 -> 1147
115 -> 117
1150 -> 1151
1151 -> 1264,682
1152 -> 1150
1153 -> 1154
1154 -> 656
1155 -> 1153
1156 -> 1157
1157 -> 842
1158 -> 1156
1159 -> 1159,1161,1416
116 -> 115,116,159
1160 -> 1159
1161 -> 1007
1162 -> 1758,927
1163 -> 1164
1164 -> 1162
1165 -> 1166
1166 -> 1167
1167 -> 67
1168 -> 1168,176,1770
1169 -> 1168
117 -> 117,161,38,582,719
1170 -> 1169
1171 -> 1172
1172 -> 1709,94
1173 -> 1171
1174 -> 719
1175 -> 1176
1176 -> 1174
1177 -> 603
1178 -> 1177
1179 -> 1178
118 -> 118,119,257,297
1180 -> 959
1181 -> 1180
1182 -> 1181
1183 -> 1185
1184 -> 478
1185 -> 1184
1186 -> 1188
1187 -> 1186
1188 -> 900
1189 -> 1191
119 -> 208,79
1190 -> 1189
1191 -> 291
1192 -> 904
1193 -> 1192,1193,1205
1194 -> 1193
1195 -> 1196
1196 -> 1197
1197 -> 995
1198 -> 285
1199 -> 1200
12 -> 3
120 -> 118
1200 -> 1198,1200,1676
1201 -> 1203
1202 -> 1201,1202,1720
1203 -> 617
1204 -> 1193
1205 -> 1206
1206 -> 1204,1206,1577
1207 -> 1306,1632,1667,37
1208 -> 1207
1209 -> 1208
121 -> 111,121,155,312,446
1210 -> 1212
1211 -> 793
1212 -> 1211
1213 -> 1215
1214 -> 1213
1215 -> 614
1216 -> 1217
1217 -> 888
1218 -> 1216
1219 -> 1324,881
122 -> 122,123,143
1220 -> 1219
1221 -> 1220
1222 -> 1222,1223,1551
1223 -> 1224
1224 -> 1094
1225 -> 1226
1226 -> 1227
1227 -> 197
1228 -> 1230
1229 -> 1228
123 -> 121,123,1235,125
1230 -> 849
1231 -> 1231,1232,1313
1232 -> 1233
1233 -> 263
1234 -> 123
1235 -> 1236
1236 -> 1234
1237 -> 1237,1238,1597
1238 -> 561
1239 -> 1237,1239,1616,1641
124 -> 124,126,486
1240 -> 868
1241 -> 1240
1242 -> 1241
1243 -> 1244
1244 -> 1245
1245 -> 1024
1246 -> 671
1247 -> 1246,1247,1696
1248 -> 1247
1249 -> 1250
125 -> 124
1250 -> 1467,795
1251 -> 1249
1252 -> 693
1253 -> 1252
1254 -> 1253
1255 -> 1256
1256 -> 463
1257 -> 1255,1257,1368
1258 -> 1260
1259 -> 175
126 -> 123,126,1411
1260 -> 1259
1261 -> 1263
1262 -> 390
1263 -> 1262,1263,1462
1264 -> 1266
1265 -> 1151
1266 -> 1265
1267 -> 1303,652
1268 -> 1269
1269 -> 1267
127 -> 129
1270 -> 1272
1271 -> 908
1272 -> 1271
1273 -> 1275
1274 -> 1273
1275 -> 129
1276 -> 690
1277 -> 1276
1278 -> 1277,1386
1279 -> 1280
128 -> 127
1280 -> 1281
1281 -> 535
1282 -> 1284
1283 -> 1282
1284 -> 1012
1285 -> 1286
1286 -> 1287
1287 -> 263
1288 -> 1288,1289,1759
1289 -> 167
129 -> 101,1274,129,368
1290 -> 1288
1291 -> 1293
1292 -> 1291
1293 -> 207
1294 -> 1296
1295 -> 923
1296 -> 1295
1297 -> 1297,1298,1570
1298 -> 1299
1299 -> 144
13 -> 13,15,1693,37,78
130 -> 30
1300 -> 183
1301 -> 1300
1302 -> 1301
1303 -> 1305
1304 -> 1267
1305 -> 1304
1306 -> 1308
1307 -> 1207,1307,1361
1308 -> 1307
1309 -> 1493,767
131 -> 131,132,184,901
1310 -> 1309
1311 -> 1310
1312 -> 1231
1313 -> 1314
1314 -> 1312
1315 -> 978
1316 -> 1317
1317 -> 1315
1318 -> 1320
1319 -> 1318
132 -> 130
1320 -> 637
1321 -> 1061
1322 -> 1321
1323 -> 1322
1324 -> 1326
1325 -> 1219
1326 -> 1325
1327 -> 1329
1328 -> 300
1329 -> 1328
133 -> 135
1330 -> 36
1331 -> 1330
1332 -> 1331,1332,1339
1333 -> 1335
1334 -> 696
1335 -> 1334
1336 -> 1336,1338,1563
1337 -> 205
1338 -> 1337
1339 -> 1340
134 -> 54
1340 -> 1341
1341 -> 1332
1342 -> 413
1343 -> 1342
1344 -> 1343
1345 -> 1346
1346 -> 1347
1347 -> 527
1348 -> 1349
1349 -> 1350
135 -> 134
1350 -> 1795,518
1351 -> 1356,869
1352 -> 1353
1353 -> 1351,1353,1480,1646
1354 -> 1355
1355 -> 1351
1356 -> 1354
1357 -> 52
1358 -> 1359
1359 -> 1357
136 -> 136,138,323
1360 -> 1307
1361 -> 1362
1362 -> 1360,1362,1799
1363 -> 1364
1364 -> 739
1365 -> 1363
1366 -> 1257
1367 -> 1366,1367,1711
1368 -> 1367
1369 -> 1581,42
137 -> 136
1370 -> 1369
1371 -> 1370
1372 -> 1373
1373 -> 366
1374 -> 1372
1375 -> 1376
1376 -> 1377
1377 -> 687
1378 -> 1380
1379 -> 511
138 -> 326,51
1380 -> 1379,1380,1432
1381 -> 758
1382 -> 1381
1383 -> 1382
1384 -> 1385
1385 -> 1278
1386 -> 1384
1387 -> 1471,989
1388 -> 1389
1389 -> 1387
139 -> 139,141,904
1390 -> 1392
1391 -> 1390
1392 -> 222
1393 -> 1395
1394 -> 1393
1395 -> 164
1396 -> 1397
1397 -> 9
1398 -> 1396
1399 -> 1400
14 -> 5
140 -> 139,140,292
1400 -> 1401
1401 -> 825
1402 -> 1404
1403 -> 431
1404 -> 1403
1405 -> 697
1406 -> 1407
1407 -> 1405
1408 -> 1410
1409 -> 1408
141 -> 83
1410 -> 394
1411 -> 1412
1412 -> 1413
1413 -> 126
1414 -> 1159
1415 -> 1414
1416 -> 1415
1417 -> 1418
1418 -> 668
1419 -> 1417
142 -> 144
1420 -> 1421
1421 -> 664
1422 -> 1420
1423 -> 1068
1424 -> 1423
1425 -> 1424
1426 -> 458
1427 -> 1426
1428 -> 1427
1429 -> 1431
143 -> 142
1430 -> 367
1431 -> 1430
1432 -> 1432,1433,1508
1433 -> 1434
1434 -> 1380
1435 -> 1436
1436 -> 1437
1437 -> 466
1438 -> 572
1439 -> 1440
144 -> 1106,122,1297,144,890
1440 -> 1438
1441 -> 1443
1442 -> 1441
1443 -> 1103
1444 -> 491
1445 -> 1444
1446 -> 1445
1447 -> 1448
1448 -> 1142
1449 -> 1447,1449,1781
145 -> 145,44,876
1450 -> 762
1451 -> 1450
1452 -> 1451
1453 -> 506
1454 -> 1453
1455 -> 1454
1456 -> 1457
1457 -> 701
1458 -> 1456
1459 -> 810
146 -> 145
1460 -> 1459
1461 -> 1460
1462 -> 1464
1463 -> 1263
1464 -> 1463
1465 -> 1250
1466 -> 1465
1467 -> 1466
1468 -> 934
1469 -> 1468
147 -> 146,147,245
1470 -> 1469
1471 -> 1472
1472 -> 1473
1473 -> 1387
1474 -> 1475
1475 -> 1476
1476 -> 193
1477 -> 1478
1478 -> 210
1479 -> 1477
148 -> 39
1480 -> 1481
1481 -> 1482
1482 -> 1353
1483 -> 1485
1484 -> 441
1485 -> 1484
1486 -> 1487
1487 -> 982
1488 -> 1486
1489 -> 1490
149 -> 148
1490 -> 1491
1491 -> 260
1492 -> 1309
1493 -> 1494
1494 -> 1492
1495 -> 1496
1496 -> 1496,1497,1534
1497 -> 55
1498 -> 1499
1499 -> 1010
15 -> 14,15,839
150 -> 149,150,173,797
1500 -> 1498
1501 -> 1503
1502 -> 1501
1503 -> 208
1504 -> 500
1505 -> 1504
1506 -> 1505
1507 -> 1509
1508 -> 1507
1509 -> 1432
151 -> 153
1510 -> 1512
1511 -> 538
1512 -> 1511
1513 -> 0
1514 -> 1515
1515 -> 1513
1516 -> 1517
1517 -> 754
1518 -> 1516
1519 -> 29
152 -> 1053,99
1520 -> 1521
1521 -> 1519
1522 -> 1523
1523 -> 1110
1524 -> 1522
1525 -> 1527
1526 -> 1525
1527 -> 861
1528 -> 1530
1529 -> 650
153 -> 152
1530 -> 1529
1531 -> 1532
1532 -> 1533
1533 -> 192
1534 -> 1536
1535 -> 1496
1536 -> 1535
1537 -> 667
1538 -> 1539
1539 -> 1537
154 -> 121
1540 -> 593
1541 -> 1540
1542 -> 1541
1543 -> 1545
1544 -> 868
1545 -> 1544
1546 -> 1547
1547 -> 995
1548 -> 1546
1549 -> 1550
155 -> 156
1550 -> 1222
1551 -> 1549
1552 -> 1553
1553 -> 40
1554 -> 1552
1555 -> 1557
1556 -> 1555
1557 -> 601
1558 -> 422
1559 -> 1560
156 -> 154,156,1652,735
1560 -> 1558
1561 -> 1562
1562 -> 1336
1563 -> 1561
1564 -> 9
1565 -> 1566
1566 -> 1564
1567 -> 1569
1568 -> 1567
1569 -> 1071
157 -> 116,157,776
1570 -> 1571
1571 -> 1572
1572 -> 1297
1573 -> 75
1574 -> 1573
1575 -> 1574
1576 -> 1578
1577 -> 1576
1578 -> 1206
1579 -> 1369
158 -> 157
1580 -> 1579
1581 -> 1580
1582 -> 1584
1583 -> 715
1584 -> 1583
1585 -> 817
1586 -> 1587
1587 -> 1585
1588 -> 1589
1589 -> 1590
159 -> 158,159,223
1590 -> 1089
1591 -> 1593
1592 -> 974
1593 -> 1592
1594 -> 737
1595 -> 1594
1596 -> 1595
1597 -> 1599
1598 -> 1237
1599 -> 1598
16 -> 16,17,205,73
160 -> 162
1600 -> 1601
1601 -> 730
1602 -> 1600
1603 -> 1603,1605,1701
1604 -> 951
1605 -> 1604
1606 -> 1607
1607 -> 1608
1608 -> 339
1609 -> 1611
161 -> 160,161,238,548
1610 -> 850
1611 -> 1610
1612 -> 1614
1613 -> 1612
1614 -> 369
1615 -> 1239
1616 -> 1617
1617 -> 1615
1618 -> 1619
1619 -> 177
162 -> 117
1620 -> 1618
1621 -> 109
1622 -> 1623
1623 -> 1621
1624 -> 355
1625 -> 1624
1626 -> 1625
1627 -> 1629
1628 -> 1627
1629 -> 696
163 -> 290,5
1630 -> 1207
1631 -> 1630
1632 -> 1631
1633 -> 1634
1634 -> 1739,318
1635 -> 1633
1636 -> 1638
1637 -> 1636
1638 -> 517
1639 -> 1239
164 -> 1394,163
1640 -> 1639,1640,1705,1735
1641 -> 1640
1642 -> 771
1643 -> 1644
1644 -> 1642
1645 -> 1647
1646 -> 1645
1647 -> 1353
1648 -> 1649
1649 -> 553
165 -> 164
1650 -> 1648
1651 -> 1653
1652 -> 1651
1653 -> 156
1654 -> 1655
1655 -> 1656
1656 -> 387
1657 -> 1658
1658 -> 597
1659 -> 1657
166 -> 1763,584,66
1660 -> 1662
1661 -> 1660
1662 -> 919
1663 -> 1665
1664 -> 414
1665 -> 1664
1666 -> 1668
1667 -> 1666
1668 -> 1207
1669 -> 1671
167 -> 1290,168
1670 -> 1030
1671 -> 1670
1672 -> 1030
1673 -> 1672
1674 -> 1673
1675 -> 1200
1676 -> 1677
1677 -> 1675
1678 -> 1679
1679 -> 1138
168 -> 166
1680 -> 1678
1681 -> 531
1682 -> 1681
1683 -> 1682
1684 -> 792
1685 -> 1686
1686 -> 1684
1687 -> 1689
1688 -> 510
1689 -> 1688
169 -> 171
1690 -> 1691
1691 -> 1692
1692 -> 187
1693 -> 1694
1694 -> 1695
1695 -> 13
1696 -> 1697
1697 -> 1698
1698 -> 1247
1699 -> 1603
17 -> 17,182,20,392,47,9
170 -> 169,722
1700 -> 1699
1701 -> 1700
1702 -> 265
1703 -> 1702
1704 -> 1703
1705 -> 1706
1706 -> 1707
1707 -> 1640
1708 -> 1172
1709 -> 1710
171 -> 171,23,346
1710 -> 1708
1711 -> 1713
1712 -> 1367
1713 -> 1712
1714 -> 1716
1715 -> 409
1716 -> 1715
1717 -> 1718
1718 -> 1719
1719 -> 442
172 -> 1031,150,172,222,304
1720 -> 1722
1721 -> 1202
1722 -> 1721
1723 -> 281
1724 -> 1725
1725 -> 1723
1726 -> 1728
1727 -> 1726
1728 -> 220
1729 -> 45
173 -> 173,174,454
1730 -> 1731
1731 -> 1729
1732 -> 1733
1733 -> 1734
1734 -> 1021
1735 -> 1736
1736 -> 1737
1737 -> 1640
1738 -> 1740
1739 -> 1738
174 -> 172,174,834
1740 -> 1634
1741 -> 1084
1742 -> 1743
1743 -> 1741
1744 -> 9
1745 -> 1744
1746 -> 1745
1747 -> 693
1748 -> 1749
1749 -> 1747
175 -> 1258,425,93
1750 -> 867
1751 -> 1750
1752 -> 1751
1753 -> 1754
1754 -> 1755
1755 -> 1
1756 -> 1162
1757 -> 1756
1758 -> 1757
1759 -> 1761
176 -> 1170,177
1760 -> 1288
1761 -> 1760
1762 -> 1764
1763 -> 1762
1764 -> 166
1765 -> 1767
1766 -> 211
1767 -> 1766
1768 -> 1769
1769 -> 1168
177 -> 1620,175
1770 -> 1768
1771 -> 1773
1772 -> 556
1773 -> 1772
1774 -> 1776
1775 -> 626
1776 -> 1775
1777 -> 1778
1778 -> 1779
1779 -> 557
178 -> 180
1780 -> 1449
1781 -> 1782
1782 -> 1780
1783 -> 1784
1784 -> 105
1785 -> 1783
1786 -> 983
1787 -> 1788
1788 -> 1786
1789 -> 1791
179 -> 178,179,423
1790 -> 864
1791 -> 1790
1792 -> 1793
1793 -> 1794
1794 -> 212
1795 -> 1797
1796 -> 1350
1797 -> 1796
1798 -> 1800
1799 -> 1798
18 -> 16
180 -> 355,81
1800 -> 1362
181 -> 17
182 -> 182,183,313,728
183 -> 1302,181,183,376
184 -> 184,186,787
185 -> 131
186 -> 185,186,190
187 -> 1690,187,188,524
188 -> 73
189 -> 187,189,366,969
19 -> 17,19,23,359
190 -> 190,191,420
191 -> 192
192 -> 1531,186
193 -> 1474,193,195,264
194 -> 95
195 -> 1013,194
196 -> 198
197 -> 1225,196
198 -> 7
199 -> 103,199,842
2 -> 0,2,438,5,537
20 -> 21
200 -> 199,200,515
201 -> 200,201,474,599
202 -> 203
203 -> 1036,66
204 -> 202,204,395,932
205 -> 1336,205,207,458
206 -> 16,206,299,488,921
207 -> 1292,206
208 -> 1502,208,209,338
209 -> 210
21 -> 19,21,44,52
210 -> 119,1479,210,234
211 -> 1765,213
212 -> 1792,33
213 -> 212,213,990
214 -> 114,214,255
215 -> 215,216,495
216 -> 214
217 -> 114
218 -> 219
219 -> 217,219,343,518
22 -> 22,24,42,86
220 -> 1727,221
221 -> 172,221,752
222 -> 1065,1391,220
223 -> 223,224,281
224 -> 225
225 -> 159
226 -> 92
227 -> 226,227,250
228 -> 227
229 -> 230
23 -> 170,22,23,432,800,868
230 -> 111
231 -> 229
232 -> 210,232,318
233 -> 232
234 -> 233
235 -> 466,5
236 -> 236,237,340
237 -> 235
238 -> 1133,238,240,435,809
239 -> 161,239,991
24 -> 19,24,29
240 -> 239,240,629
241 -> 242
242 -> 242,243,247
243 -> 103
244 -> 147,244,480
245 -> 246
246 -> 244,246,441
247 -> 247,249,640
248 -> 242
249 -> 1090,248,249,411
25 -> 11,25,496,937
250 -> 251
251 -> 251,252,614
252 -> 227
253 -> 214
254 -> 253
255 -> 254,255,929
256 -> 118
257 -> 257,258,715
258 -> 256,258,453,961
259 -> 265,75
26 -> 25,26,94
260 -> 1489,259
261 -> 260
262 -> 193,262,301
263 -> 1231,1285,262,263,269,471
264 -> 263,264,389
265 -> 1704,266
266 -> 267
267 -> 259
268 -> 263
269 -> 270
27 -> 26,27,683
270 -> 268
271 -> 273
272 -> 271,272,604
273 -> 102
274 -> 274,275,766
275 -> 275,276,656
276 -> 5
277 -> 571,83
278 -> 1096,279
279 -> 277,279,398
28 -> 30
280 -> 282
281 -> 1724,280
282 -> 1023,223
283 -> 283,284,952
284 -> 285
285 -> 1199,334,44
286 -> 287
287 -> 288
288 -> 288,43,830
289 -> 163
29 -> 1520,28
290 -> 291
291 -> 1190,289,291,320
292 -> 292,294,476
293 -> 140
294 -> 293
295 -> 296
296 -> 118,296,530
297 -> 295,297,915
298 -> 206
299 -> 299,300,381,384,639
3 -> 11,2,3,80
30 -> 131,24,30,88
300 -> 1327,298
301 -> 301,302,602,651
302 -> 302,303,703
303 -> 262
304 -> 304,305,858
305 -> 306
306 -> 172
307 -> 307,308,738
308 -> 309
309 -> 11
31 -> 10,31,35
310 -> 311
311 -> 121
312 -> 310,312,559,660
313 -> 314
314 -> 1025,314,315,616
315 -> 182,315,936
316 -> 1102,317
317 -> 232
318 -> 1635,316,318,867
319 -> 321
32 -> 31
320 -> 1117,319
321 -> 291,321,354,634
322 -> 324
323 -> 322,323,633
324 -> 136
325 -> 138
326 -> 327
327 -> 325
328 -> 65
329 -> 328,329,511
33 -> 211,32
330 -> 329
331 -> 1015,333
332 -> 331
333 -> 10
334 -> 1009,335
335 -> 335,336,465
336 -> 285
337 -> 208
338 -> 339
339 -> 1606,337
34 -> 36
340 -> 340,342,851
341 -> 236
342 -> 341,342,387,505
343 -> 345
344 -> 219
345 -> 344
346 -> 347
347 -> 1040,347,348,872
348 -> 171
349 -> 351
35 -> 34
350 -> 349
351 -> 351,49,570
352 -> 1094,353
353 -> 321
354 -> 352
355 -> 1626,355,356,403
356 -> 357
357 -> 180,357,853
358 -> 19
359 -> 359,360,460
36 -> 1087,1332,31,36,508,70
360 -> 358
361 -> 362
362 -> 99
363 -> 361
364 -> 189
365 -> 364
366 -> 1066,1374,365,366,588
367 -> 1429,369
368 -> 367
369 -> 129,1613,369
37 -> 1209,37,39,62
370 -> 372
371 -> 69
372 -> 371
373 -> 375
374 -> 373
375 -> 89
376 -> 377
377 -> 378
378 -> 183
379 -> 299
38 -> 116,13
380 -> 379,380,864
381 -> 380,381,746
382 -> 299
383 -> 382
384 -> 383,384,724
385 -> 342
386 -> 385,386,700
387 -> 1654,386,387,593
388 -> 390
389 -> 388,389,543
39 -> 150,38
390 -> 1261,264
391 -> 391,393,415
392 -> 391
393 -> 17
394 -> 1409,204
395 -> 396
396 -> 394,396,670
397 -> 399
398 -> 397,398,401
399 -> 279,399,687
4 -> 4,6,999
40 -> 1554,22,40,540
400 -> 402
401 -> 400,401,714
402 -> 398,402,886
403 -> 1043,405
404 -> 355
405 -> 404
406 -> 534,82
407 -> 406
408 -> 407,408,413
409 -> 1714,249
41 -> 40,41,979
410 -> 409
411 -> 410
412 -> 408
413 -> 1344,413,414,574
414 -> 1663,412
415 -> 416
416 -> 417
417 -> 391
418 -> 419
419 -> 1035,190
42 -> 1371,41
420 -> 1127,418,420,621,918
421 -> 179
422 -> 1559,421
423 -> 422
424 -> 175,424,554
425 -> 425,426,771
426 -> 424,426,925
427 -> 428
428 -> 1045,83
429 -> 427
43 -> 21,286,43
430 -> 431
431 -> 1402,23
432 -> 430
433 -> 238
434 -> 433,434,562
435 -> 434,435,521,625
436 -> 437
437 -> 2
438 -> 436
439 -> 246
44 -> 147,283,45
440 -> 439
441 -> 1483,440
442 -> 1717,442,443,699
443 -> 89
444 -> 442,444,526,623
445 -> 1113,121
446 -> 446,447,677
447 -> 445
448 -> 1124,450
449 -> 85
45 -> 1730,43
450 -> 449
451 -> 452
452 -> 258,452,821
453 -> 451,453,663
454 -> 455
455 -> 455,456,674,807
456 -> 173
457 -> 205
458 -> 1428,459
459 -> 457
46 -> 48
460 -> 461
461 -> 462
462 -> 359
463 -> 1257,335,463,491
464 -> 463
465 -> 464
466 -> 1435,467
467 -> 468
468 -> 235
469 -> 263
47 -> 46
470 -> 469
471 -> 470,471,945
472 -> 473
473 -> 201
474 -> 472
475 -> 292
476 -> 477
477 -> 475
478 -> 1183,479
479 -> 244
48 -> 17,48,82
480 -> 478
481 -> 482
482 -> 483
483 -> 88
484 -> 124
485 -> 484
486 -> 485,486,818
487 -> 489
488 -> 487
489 -> 206
49 -> 1007,350,6
490 -> 463
491 -> 1446,492
492 -> 490,492,978
493 -> 215
494 -> 493
495 -> 494,495,825
496 -> 498
497 -> 25
498 -> 497
499 -> 499,500,784
5 -> 109,13,165,236,274,4
50 -> 49,50,773
500 -> 1506,501
501 -> 85
502 -> 504
503 -> 113
504 -> 503
505 -> 505,507,551
506 -> 1455,342
507 -> 506
508 -> 510
509 -> 36,509,545
51 -> 137,50
510 -> 1687,509
511 -> 1378,513
512 -> 329
513 -> 512
514 -> 516
515 -> 514,515,665
516 -> 200
517 -> 1637,519
518 -> 1348,517
519 -> 219
52 -> 1358,52,54,779
520 -> 522
521 -> 520
522 -> 435,522,579
523 -> 525
524 -> 523
525 -> 187,525,816
526 -> 527
527 -> 1345,528
528 -> 444,528,955
529 -> 296
53 -> 114,21,53,56
530 -> 531
531 -> 1683,529
532 -> 533
533 -> 406
534 -> 532
535 -> 1279,536
536 -> 1116,2
537 -> 535
538 -> 1129,1510,539
539 -> 40
54 -> 133,53
540 -> 538,540,556,695
541 -> 542
542 -> 389
543 -> 541
544 -> 509
545 -> 546
546 -> 544
547 -> 549
548 -> 547
549 -> 161
55 -> 1495,55,57,67
550 -> 505
551 -> 552
552 -> 550
553 -> 1069,1650,424
554 -> 554,555,732
555 -> 553
556 -> 1771,556,557,922
557 -> 1777,558
558 -> 540
559 -> 560
56 -> 55
560 -> 561
561 -> 1239,312
562 -> 564
563 -> 434
564 -> 563,564,610
565 -> 565,567,607
566 -> 99
567 -> 566
568 -> 351
569 -> 568
57 -> 53
570 -> 569
571 -> 572
572 -> 1439,573
573 -> 277
574 -> 575
575 -> 576
576 -> 413
577 -> 577,578,680
578 -> 522
579 -> 577
58 -> 59
580 -> 581
581 -> 117
582 -> 580
583 -> 585
584 -> 583
585 -> 166
586 -> 587
587 -> 366
588 -> 586,588,899
589 -> 65
59 -> 60
590 -> 591
591 -> 589
592 -> 387
593 -> 1542,594
594 -> 592
595 -> 597
596 -> 78
597 -> 1659,596,597,741
598 -> 201
599 -> 600
6 -> 2,51,58,6,654,881
60 -> 6
600 -> 598
601 -> 1080,1556,301
602 -> 603
603 -> 1002,1179,601
604 -> 606
605 -> 272
606 -> 605
607 -> 608
608 -> 609
609 -> 565
61 -> 37
610 -> 611
611 -> 612
612 -> 564
613 -> 251,613,847
614 -> 1214,615
615 -> 613
616 -> 617
617 -> 1060,1202,618
618 -> 314
619 -> 420
62 -> 62,63,65
620 -> 619
621 -> 620
622 -> 444
623 -> 624
624 -> 622
625 -> 627
626 -> 1774,435
627 -> 626,627,689
628 -> 628,630,711
629 -> 628
63 -> 61
630 -> 240
631 -> 323
632 -> 631
633 -> 632,633,708
634 -> 636
635 -> 321
636 -> 635,636,878
637 -> 1319,638
638 -> 299
639 -> 637
64 -> 62
640 -> 641
641 -> 642
642 -> 247
643 -> 644
644 -> 645
645 -> 1144,88
646 -> 647
647 -> 1141,647,648,983
648 -> 114
649 -> 301
65 -> 330,590,66
650 -> 1528,649
651 -> 650,651,837
652 -> 1268,653
653 -> 6,653,985
654 -> 652
655 -> 657
656 -> 1155,655
657 -> 275
658 -> 659
659 -> 312
66 -> 167,204,64
660 -> 658
661 -> 662
662 -> 453
663 -> 661
664 -> 1422,666
665 -> 664
666 -> 515
667 -> 1538,668
668 -> 1419,668,669,911
669 -> 103
67 -> 1165,68
670 -> 671
671 -> 1248,672
672 -> 396
673 -> 675
674 -> 1057,673
675 -> 455
676 -> 678
677 -> 676
678 -> 446
679 -> 681
68 -> 1121,68,69,691
680 -> 679
681 -> 577
682 -> 1152,27
683 -> 684
684 -> 682
685 -> 686
686 -> 399
687 -> 1375,685
688 -> 627
689 -> 690
69 -> 370,55
690 -> 1278,688
691 -> 693
692 -> 68
693 -> 1254,1748,692,693,813
694 -> 696
695 -> 694
696 -> 1333,1628,540
697 -> 1406,698
698 -> 442
699 -> 697
7 -> 197,8
70 -> 71
700 -> 702
701 -> 1458,386
702 -> 701
703 -> 705
704 -> 302,704,742
705 -> 704
706 -> 633
707 -> 706
708 -> 707,708,909
709 -> 628
71 -> 72
710 -> 709
711 -> 710
712 -> 712,713,959
713 -> 401
714 -> 712,714,757
715 -> 1582,716
716 -> 717
717 -> 257
718 -> 720
719 -> 1175,718
72 -> 36
720 -> 117
722 -> 723
723 -> 170
724 -> 726
725 -> 384
726 -> 725
727 -> 182
728 -> 729
729 -> 727
73 -> 1003,189,75
730 -> 1602,731
731 -> 554
732 -> 730
733 -> 734
734 -> 156
735 -> 733
736 -> 307
737 -> 1596,736
738 -> 737,738,792
739 -> 1365,740
74 -> 16
740 -> 597
741 -> 739,741,782
742 -> 743
743 -> 744
744 -> 704
745 -> 747
746 -> 745
747 -> 381
748 -> 749
749 -> 91
75 -> 103,1575,261,74,75,93,940
750 -> 748,750,764,996
751 -> 221,751,754
752 -> 753
753 -> 751
754 -> 1518,755
755 -> 756
756 -> 751
757 -> 759
758 -> 1383,714
759 -> 758
76 -> 13
760 -> 96
761 -> 762
762 -> 1452,760
763 -> 750
764 -> 765
765 -> 763
766 -> 768
767 -> 1311,274
768 -> 767
769 -> 770
77 -> 76,77,860
770 -> 425
771 -> 1643,769,771,892
772 -> 50
773 -> 774
774 -> 772
775 -> 157
776 -> 777
777 -> 775,777,827
778 -> 780
779 -> 778
78 -> 595,77
780 -> 52
781 -> 741
782 -> 782,783,947
783 -> 781
784 -> 785
785 -> 786
786 -> 499
787 -> 787,788,804
788 -> 789
789 -> 184
79 -> 120,81
790 -> 738
791 -> 790
792 -> 1685,791
793 -> 1100,1210,86
794 -> 794,795,896
795 -> 1251,793
796 -> 798
797 -> 796
798 -> 150
799 -> 23
8 -> 9
80 -> 79
800 -> 801
801 -> 799
802 -> 787
803 -> 802
804 -> 803
805 -> 455
806 -> 805
807 -> 806
808 -> 810
809 -> 808
81 -> 179,3,81,97
810 -> 1461,238
811 -> 693
812 -> 811
813 -> 812
814 -> 525
815 -> 814
816 -> 815
817 -> 1586,819
818 -> 817
819 -> 486
82 -> 408,83
820 -> 452
821 -> 821,822,846
822 -> 820
823 -> 824
824 -> 495
825 -> 1399,823
826 -> 777
827 -> 828
828 -> 826
829 -> 831
83 -> 140,278,429,84
830 -> 829
831 -> 288
832 -> 174
833 -> 832
834 -> 833
835 -> 651
836 -> 835
837 -> 1054,836
838 -> 840
839 -> 838
84 -> 48
840 -> 15
841 -> 843
842 -> 1158,841
843 -> 199
844 -> 845
845 -> 821
846 -> 844
847 -> 849
848 -> 613
849 -> 1229,848
85 -> 22,448,499,85
850 -> 1609,340
851 -> 852
852 -> 850
853 -> 855
854 -> 1048,357
855 -> 854
856 -> 304
857 -> 856
858 -> 857
859 -> 861
86 -> 794,87
860 -> 859
861 -> 1526,77
862 -> 863
863 -> 380
864 -> 1789,862
865 -> 866
866 -> 318
867 -> 1752,865
868 -> 1242,1543,870
869 -> 1352,23
87 -> 1029,85
870 -> 869
871 -> 873
872 -> 871
873 -> 347
874 -> 875
875 -> 145
876 -> 874
877 -> 879
878 -> 877
879 -> 636
88 -> 481,643,89
880 -> 6
881 -> 1221,882
882 -> 880
883 -> 95
884 -> 883
885 -> 884
886 -> 887
887 -> 1019,888
888 -> 1218,402,888,973
889 -> 891
89 -> 374,444,90
890 -> 889
891 -> 144
892 -> 894
893 -> 771
894 -> 893
895 -> 1108,897
896 -> 895
897 -> 794
898 -> 900
899 -> 898
9 -> 1,1398,1565,1746,18
90 -> 30
900 -> 1072,1187,588
901 -> 903
902 -> 131
903 -> 902
904 -> 1194,906
905 -> 139
906 -> 905
907 -> 708
908 -> 1140,1270,907
909 -> 908
91 -> 75,750,91
910 -> 912
911 -> 910
912 -> 668
913 -> 297,913,971
914 -> 913
915 -> 914
916 -> 420
917 -> 916
918 -> 917
919 -> 1661,920
92 -> 228,91
920 -> 206
921 -> 919
922 -> 923
923 -> 1294,924
924 -> 556,924,964
925 -> 926
926 -> 927
927 -> 1163,426
928 -> 1082,930
929 -> 928
93 -> 176,92
930 -> 255
931 -> 204
932 -> 933
933 -> 931
934 -> 1470,935
935 -> 315
936 -> 934
937 -> 938
938 -> 1077,939
939 -> 25
94 -> 1173,95
940 -> 942
941 -> 75
942 -> 941
943 -> 944
944 -> 471
945 -> 943
946 -> 948
947 -> 946
948 -> 782
949 -> 950
95 -> 193,885,96
950 -> 106
951 -> 1603,949
952 -> 953
953 -> 954
954 -> 283
955 -> 957
956 -> 528
957 -> 956
958 -> 712
959 -> 1182,960
96 -> 26,761,96
960 -> 958
961 -> 963
962 -> 258
963 -> 962
964 -> 965
965 -> 966
966 -> 924
967 -> 189
968 -> 967
969 -> 968
97 -> 99
970 -> 972
971 -> 970
972 -> 913
973 -> 974
974 -> 1591,975
975 -> 888
976 -> 977
977 -> 492
978 -> 1316,976
979 -> 980
98 -> 81
980 -> 981
981 -> 41
982 -> 1488,647
983 -> 1787,984
984 -> 982
985 -> 987
986 -> 653
987 -> 986
988 -> 213
989 -> 1388,988
99 -> 101,151,363,565,98
990 -> 989
991 -> 992
992 -> 993
993 -> 239
994 -> 750
995 -> 1195,1548,994
996 -> 995
997 -> 4
998 -> 997
999 -> 998
